  n   R  input   mean_d    std  min  max  msb_always_zero_words
  4   1      4     1.00   0.00    1    1  [0]  (0.0s)
  4   2      8     1.65   0.75    1    3  [1]  (0.0s)
  4   4     16     1.70   0.73    1    3  [3]  (0.0s)
  4   6     24     1.15   0.37    1    2  [5]  (0.0s)
  8   1      8     2.40   0.60    1    3  [0]  (0.0s)
  8   2     16     1.60   0.60    1    3  [1]  (0.0s)
  8   4     32     2.00   0.86    1    4  [3]  (0.1s)
  8   6     48     1.80   0.70    1    3  [5]  (0.1s)
 12   1     12     1.80   0.41    1    2  [0]  (0.0s)
 12   2     24     2.30   1.49    1    6  [1]  (0.0s)
 12   4     48     2.75   1.21    1    5  [3]  (0.1s)
 12   6     72     2.65   0.99    1    4  [5]  (0.3s)
 16   1     16     3.00   1.17    1    6  [0]  (0.0s)
 16   2     32     2.75   0.97    1    5  [1]  (0.1s)
 16   4     64     2.55   1.50    1    6  [3]  (0.2s)
 16   6     96     2.60   1.31    1    5  [5]  (0.5s)
 20   1     20     4.25   1.21    2    7  [0]  (0.0s)
 20   2     40     3.70   1.56    2    7  [1]  (0.1s)
 20   4     80     3.10   1.21    1    5  [3]  (0.3s)
 20   6    120     3.55   1.47    1    6  [5]  (0.7s)
 24   1     24     7.00   1.72    2    9  [0]  (0.0s)
 24   2     48     4.05   1.36    2    7  [1]  (0.1s)
 24   4     96     3.45   1.32    1    6  [3]  (0.5s)
 24   6    144     3.85   1.39    2    6  [5]  (1.0s)
 28   1     28     4.10   1.77    1    6  [0]  (0.0s)
 28   2     56     3.40   1.60    1    8  [1]  (0.2s)
 28   4    112     3.70   1.84    1    8  [3]  (0.6s)
 28   6    168     4.85   2.06    1    8  [5]  (1.3s)
 32   1     32     5.70   1.49    3    9  [0]  (0.1s)
 32   2     64     4.60   1.43    3    9  [1]  (0.2s)
 32   4    128     4.40   1.70    1    7  [3]  (0.8s)
 32   6    192     4.65   1.50    1    8  [5]  (1.8s)

--- Mean deficit aggregated across R ---
  n   mean_across_R
  4            1.38
  8            1.95
 12            2.38
 16            2.73
 20            3.65
 24            4.59
 28            4.01
 32            4.84
